6 98040
6 58550
4 119554
1 45221
5 173454
1 41470
6 30525
1 53239
6 66756
3 86835
5 180511
3 180939
5 43529
2 120246
3 164726
4 65862
4 35502
1 164952
3 165082
3 111091
4 106556
6 62584
2 135303
4 37398
2 147740
3 90463
5 133610
3 83734
3 103659
5 27068
1 82687
4 187508
4 33496
3 177150
4 135368
3 25759
3 20389
3 113296
4 57559
6 164493
1 20860
2 194491
4 29526
5 127829
2 71457
4 84638
3 147527
2 134130
2 194534
5 175220
5 50759
2 149255
2 17869
5 195962
6 32212
4 174975
4 94092
1 81721
5 133694
4 46276
6 111820
6 74684
4 74286
1 44121
1 186733
4 163787
2 57209
6 61604
5 154191
1 149201
4 81209
2 106056
2 156236
3 134220
6 143608
5 131311
2 185581
6 113319
3 29146
4 68172
1 109802
3 34793
2 65219
4 89706
6 24915
1 161996
6 38378
4 33318
4 191450
2 47317
3 105144
4 194109
6 18403
4 56170
2 63027
1 167777
1 195200
2 177506
2 126228
4 56743
[j jriger